0.000000000000000000e+00 -4.672757474869186634e-02
1.000000000000000056e-01 2.261313648031332002e-01
2.000000000000000111e-01 3.023166212136658149e-01
3.000000000000000444e-01 3.500874643333902192e-01
4.000000000000000222e-01 4.649208923253937975e-01
5.000000000000000000e-01 3.591327626491382374e-01
6.000000000000000888e-01 5.922820898788969668e-01
7.000000000000000666e-01 6.821736990786940735e-01
8.000000000000000444e-01 6.738654997127686563e-01
9.000000000000000222e-01 7.165641379410843115e-01
1.000000000000000000e+00 7.802178558239950545e-01
1.100000000000000089e+00 7.572601062327364296e-01
1.200000000000000178e+00 9.744621064527720922e-01
1.300000000000000044e+00 9.608218468994244033e-01
1.400000000000000133e+00 9.907205772802228916e-01
1.500000000000000000e+00 1.021293681333972136e+00
1.600000000000000089e+00 1.025904697585033443e+00
1.700000000000000178e+00 9.950034826342024630e-01
1.800000000000000044e+00 9.967165964056767802e-01
1.900000000000000133e+00 1.035583930582361756e+00
2.000000000000000000e+00 8.359550664956227894e-01
2.100000000000000089e+00 7.573811980394773435e-01
2.200000000000000178e+00 7.978207380726299869e-01
2.300000000000000266e+00 9.304253175185948077e-01
2.400000000000000355e+00 7.080228600877485068e-01
2.500000000000000000e+00 6.712978100744495524e-01
2.600000000000000089e+00 5.076353912587404649e-01
2.700000000000000178e+00 4.071105927259521251e-01
2.800000000000000266e+00 3.104477416880152552e-01
2.900000000000000355e+00 4.515642794835795226e-01
3.000000000000000000e+00 3.685475574498769946e-02
3.100000000000000089e+00 -2.800630376403451249e-02
3.200000000000000178e+00 -8.145533871521357105e-02
3.300000000000000266e+00 -9.851053989482153050e-02
3.400000000000000355e+00 -3.458658212690058353e-01
3.500000000000000000e+00 -2.651596404742003754e-01
3.600000000000000089e+00 -3.918733920014952909e-01
3.700000000000000178e+00 -5.225547875823849386e-01
3.800000000000000266e+00 -5.198734608256199152e-01
3.900000000000000355e+00 -7.189669177042977699e-01
4.000000000000000000e+00 -7.602243699893835860e-01
4.100000000000000533e+00 -8.429559875184289286e-01
4.200000000000000178e+00 -9.349467933058783764e-01
4.299999999999999822e+00 -1.039613613532803571e+00
4.400000000000000355e+00 -9.357981690674855857e-01
4.500000000000000000e+00 -1.034896145417523838e+00
4.600000000000000533e+00 -1.128378717990681901e+00
4.700000000000000178e+00 -7.177711920269203016e-01
4.800000000000000711e+00 -1.003507348654463671e+00
4.900000000000000355e+00 -1.023389348491149820e+00
5.000000000000000000e+00 -8.520005918961935931e-01
5.100000000000000533e+00 -9.656011447901462486e-01
5.200000000000000178e+00 -8.150941246189239431e-01
5.300000000000000711e+00 -9.606162297316414023e-01
5.400000000000000355e+00 -7.049800521390506836e-01
5.500000000000000000e+00 -5.754348053552408304e-01
5.600000000000000533e+00 -7.381254831595029930e-01
5.700000000000000178e+00 -4.600954154086807635e-01
5.800000000000000711e+00 -4.870385649682722473e-01
5.900000000000000355e+00 -3.737637903927741867e-01
6.000000000000000000e+00 -2.302118337183716723e-01
6.100000000000000533e+00 -2.504606644636562796e-01
6.200000000000000178e+00 -6.458765161694210444e-02
6.300000000000000711e+00 4.676891827953869041e-02
6.400000000000000355e+00 1.150166070670158164e-01
6.500000000000000000e+00 3.963948048416213177e-02
6.600000000000000533e+00 2.595057384918412757e-01
6.700000000000000178e+00 2.404427354564681318e-01
6.800000000000000711e+00 4.284746519429614708e-01
6.900000000000000355e+00 5.817773197925127926e-01
7.000000000000000000e+00 5.235320367629747729e-01
7.100000000000000533e+00 4.907933594517837617e-01
7.200000000000000178e+00 8.774906504939252727e-01
7.300000000000000711e+00 8.187759115614926531e-01
7.400000000000000355e+00 8.617315851286341255e-01
7.500000000000000000e+00 8.629045368063219534e-01
7.600000000000000533e+00 9.874799557254637650e-01
7.700000000000000178e+00 9.826254451603603224e-01
7.800000000000000711e+00 8.443516613621324662e-01
7.900000000000000355e+00 9.716667903999367528e-01
8.000000000000000000e+00 1.015531315875125573e+00
8.099999999999999645e+00 9.580497801113085909e-01
8.200000000000001066e+00 1.034861111853920157e+00
8.300000000000000711e+00 1.054637175923580417e+00
8.400000000000000355e+00 9.614128393498712066e-01
8.500000000000000000e+00 6.911358960718216871e-01
8.599999999999999645e+00 7.287896407888394545e-01
8.700000000000001066e+00 6.443430972514796462e-01
8.800000000000000711e+00 6.005933888518065755e-01
8.900000000000000355e+00 3.466872142925730982e-01
9.000000000000000000e+00 4.295983655541765200e-01
9.099999999999999645e+00 3.786827297861600772e-01
9.200000000000001066e+00 1.720667130049485793e-01
9.300000000000000711e+00 8.133438003654243353e-02
9.400000000000000355e+00 8.387385875374064881e-02
9.500000000000000000e+00 -1.419068236240654812e-01
9.600000000000001421e+00 -1.034284363313693195e-01
9.700000000000001066e+00 -3.476389105406673674e-01
9.800000000000000711e+00 -3.070461972040782195e-01
9.900000000000000355e+00 -3.090573932538193125e-01
